TEST DE CRS_DESIGN
==================

- Test: 1
----------
  - CRS source ....................................:EPSG:4937
  - CRS target ....................................:ENU:4937;-4.495021180808;36.756413127079;142.1590
  Point.Id  Fc.Crs.Source  Sc.Crs.Source  Tc.Crs.Source  Fc.Crs.Target  Sc.Crs.Target  Tc.Crs.Target          Fc.Error          Sc.Error       Tc.Error
         1   -4.497217703   36.760517184       122.7080      -196.1313       455.4511       -19.4703            0.0000            0.0000        -0.0000
        10   -4.495021181   36.756413127       142.1590         0.0000         0.0000         0.0000            0.0000           -0.0000         0.0000
        11   -4.495589169   36.756069291       139.6970       -50.7197       -38.1573        -2.4623           -0.0000            0.0000         0.0000
        12   -4.493296656   36.753637477       139.6020       154.0000      -308.0277        -2.5663           -0.0000           -0.0000         0.0000
        13   -4.493404118   36.751686912       135.5490       144.4072      -524.4925        -6.6333           -0.0000           -0.0000         0.0000
        14   -4.492964198   36.751889712       136.5890       183.6926      -501.9860        -5.5925           -0.0000           -0.0000         0.0000
        15   -4.492368477   36.752332775       138.8460       236.8903      -452.8157        -3.3335           -0.0000           -0.0000         0.0000
        16   -4.491570794   36.752535749       141.0070       308.1239      -430.2884        -1.1740           -0.0000           -0.0000         0.0000
         2   -4.496583600   36.760661301       125.8910      -139.5109       471.4436       -16.2870            0.0000            0.0000        -0.0000
         3   -4.497858961   36.760281988       117.7570      -253.3910       429.3513       -24.4215            0.0000            0.0000        -0.0000
         4   -4.496492326   36.759341983       128.3690      -131.3632       325.0318       -13.7997            0.0000            0.0000        -0.0000
         5   -4.495912663   36.759291683       138.0760       -79.6035       319.4497        -4.0915            0.0000            0.0000        -0.0000
         6   -4.497043975   36.758978713       124.5710      -180.6225       284.7185       -17.5969            0.0000            0.0000        -0.0000
         7   -4.497677442   36.758305440       124.3000      -237.1891       210.0032       -17.8669            0.0000            0.0000        -0.0000
         8   -4.497546059   36.758426447       122.5720      -225.4570       223.4317       -19.5949            0.0000            0.0000        -0.0000
         9   -4.494443893   36.756906096       147.1410        51.5496        54.7077         4.9816            0.0000           -0.0000        -0.0000
- Test: 2
----------
  - CRS source ....................................:EPSG:4258+5782
  - CRS target ....................................:ENU:4937;-4.495021180808;36.756413127079;142.1590
  Point.Id  Fc.Crs.Source  Sc.Crs.Source  Tc.Crs.Source  Fc.Crs.Target  Sc.Crs.Target  Tc.Crs.Target          Fc.Error          Sc.Error       Tc.Error
         1   -4.497217703   36.760517184        74.7560      -196.1313       455.4511       -19.4703            0.0000            0.0000        -0.0000
        10   -4.495021181   36.756413127        94.2172         0.0000         0.0000         0.0000            0.0000           -0.0000        -0.0001
        11   -4.495589169   36.756069291        91.7581       -50.7197       -38.1573        -2.4623           -0.0000            0.0000        -0.0000
        12   -4.493296656   36.753637477        91.6666       154.0000      -308.0277        -2.5663           -0.0000           -0.0000        -0.0000
        13   -4.493404118   36.751686912        87.6218       144.4072      -524.4925        -6.6333           -0.0000           -0.0000        -0.0000
        14   -4.492964198   36.751889712        88.6598       183.6926      -501.9860        -5.5925           -0.0000           -0.0000        -0.0000
        15   -4.492368477   36.752332775        90.9134       236.8903      -452.8157        -3.3335           -0.0000           -0.0000        -0.0000
        16   -4.491570794   36.752535749        93.0714       308.1239      -430.2884        -1.1740           -0.0000           -0.0000        -0.0000
         2   -4.496583600   36.760661301        77.9366      -139.5109       471.4436       -16.2870            0.0000            0.0000         0.0000
         3   -4.497858961   36.760281988        69.8078      -253.3910       429.3513       -24.4215            0.0000            0.0000        -0.0000
         4   -4.496492326   36.759341983        80.4196      -131.3632       325.0318       -13.7997            0.0000            0.0000        -0.0000
         5   -4.495912663   36.759291683        90.1252       -79.6035       319.4497        -4.0915            0.0000            0.0000        -0.0001
         6   -4.497043975   36.758978713        76.6246      -180.6225       284.7185       -17.5969            0.0000            0.0000        -0.0000
         7   -4.497677442   36.758305440        76.3581      -237.1891       210.0032       -17.8669            0.0000            0.0000        -0.0000
         8   -4.497546059   36.758426447        74.6292      -225.4570       223.4317       -19.5949            0.0000            0.0000         0.0000
         9   -4.494443893   36.756906096        99.1956        51.5496        54.7077         4.9816            0.0000           -0.0000        -0.0000
- Test: 3
----------
  - CRS source ....................................:EPSG:4936
  - CRS target ....................................:ENU:4937;-4.495021180808;36.756413127079;142.1590
  Point.Id  Fc.Crs.Source  Sc.Crs.Source  Tc.Crs.Source  Fc.Crs.Target  Sc.Crs.Target  Tc.Crs.Target          Fc.Error          Sc.Error       Tc.Error
         1   5100289.7163   -401152.3016   3796208.1361      -196.1313       455.4511       -19.4703            0.0001            0.0000         0.0000
        10   5100592.3491   -400979.3563   3795854.8860         0.0000         0.0000         0.0000           -0.0000            0.0000         0.0000
        11   5100609.1710   -401031.5550   3795822.8414       -50.7197       -38.1573        -2.4623            0.0000            0.0000         0.0000
        12   5100786.1299   -400840.1151   3795606.5626       154.0000      -308.0277        -2.5663            0.0000           -0.0000        -0.0000
        13   5100911.2669   -400859.5751   3795430.7001       144.4072      -524.4925        -6.6333            0.0000            0.0000         0.0000
        14   5100901.7503   -400819.4203   3795449.3549       183.6926      -501.9860        -5.5925           -0.0000           -0.0000         0.0000
        15   5100878.3901   -400764.2220   3795490.1013       236.8903      -452.8157        -3.3335           -0.0000           -0.0001         0.0000
        16   5100872.2586   -400692.2866   3795509.4421       308.1239      -430.2884        -1.1740           -0.0000           -0.0000        -0.0000
         2   5100287.1557   -401095.3052   3796222.8540      -139.5109       471.4436       -16.2870            0.0001            0.0000         0.0000
         3   5100296.8446   -401210.2983   3796184.2624      -253.3910       429.3513       -24.4215            0.0001            0.0001        -0.0000
         4   5100377.1264   -401094.2053   3796107.0393      -131.3632       325.0318       -13.7997            0.0000            0.0000        -0.0000
         5   5100392.2672   -401043.4762   3796108.3765       -79.6035       319.4497        -4.0915            0.0001           -0.0000        -0.0001
         6   5100394.2827   -401144.9653   3796072.4685      -180.6225       284.7185       -17.5969           -0.0000           -0.0000        -0.0000
         7   5100434.2070   -401204.8450   3796012.4461      -237.1891       210.0032       -17.8669           -0.0000            0.0000        -0.0001
         8   5100425.7352   -401192.4107   3796022.1707      -225.4570       223.4317       -19.5949            0.0000            0.0000        -0.0000
         9   5100567.7309   -400925.7123   3795901.6981        51.5496        54.7077         4.9816           -0.0000            0.0000         0.0000
- Test: 4
----------
  - CRS source ....................................:EPSG:25830+5782
  - CRS target ....................................:ENU:4937;-4.495021180808;36.756413127079;142.1590
  Point.Id  Fc.Crs.Source  Sc.Crs.Source  Tc.Crs.Source  Fc.Crs.Target  Sc.Crs.Target  Tc.Crs.Target          Fc.Error          Sc.Error       Tc.Error
         1    366362.4770   4069351.4080        74.7560      -196.1313       455.4511       -19.4703            0.0000            0.0000        -0.0000
        10    366551.4340   4068893.0410        94.2172         0.0000         0.0000         0.0000           -0.0000           -0.0000        -0.0001
        11    366500.1350   4068855.6880        91.7581       -50.7197       -38.1573        -2.4623           -0.0000            0.0000        -0.0000
        12    366700.5750   4068582.7090        91.6666       154.0000      -308.0277        -2.5663           -0.0000           -0.0000        -0.0000
        13    366687.6060   4068366.4640        87.6218       144.4072      -524.4925        -6.6333           -0.0000           -0.0000        -0.0000
        14    366727.2300   4068388.3500        88.6598       183.6926      -501.9860        -5.5925           -0.0000           -0.0000        -0.0000
        15    366781.1780   4068436.6740        90.9134       236.8903      -452.8157        -3.3335           -0.0000           -0.0000        -0.0000
        16    366852.7400   4068458.0820        93.0714       308.1239      -430.2884        -1.1740           -0.0000           -0.0000        -0.0000
         2    366419.3290   4069366.5110        77.9366      -139.5109       471.4436       -16.2870            0.0000            0.0000         0.0000
         3    366304.8280   4069326.2110        69.8078      -253.3910       429.3513       -24.4215            0.0000            0.0000        -0.0000
         4    366425.1880   4069220.0190        80.4196      -131.3632       325.0318       -13.7997            0.0000            0.0000        -0.0000
         5    366476.8440   4069213.6300        90.1252       -79.6035       319.4497        -4.0915            0.0000            0.0000        -0.0001
         6    366375.3150   4069180.4880        76.6246      -180.6225       284.7185       -17.5969            0.0000            0.0000        -0.0000
         7    366317.6000   4069106.6800        76.3581      -237.1891       210.0032       -17.8669            0.0000            0.0000        -0.0000
         8    366329.5380   4069119.9210        74.6292      -225.4570       223.4317       -19.5949            0.0000            0.0000         0.0000
         9    366603.8210   4068946.9260        99.1956        51.5496        54.7077         4.9816            0.0000           -0.0000        -0.0000
- Test: 5
----------
  - CRS source ....................................:EPSG:25830
  - CRS target ....................................:ENU:4937;-4.495021180808;36.756413127079;142.1590
  Point.Id  Fc.Crs.Source  Sc.Crs.Source  Tc.Crs.Source  Fc.Crs.Target  Sc.Crs.Target  Tc.Crs.Target          Fc.Error          Sc.Error       Tc.Error
         1    366362.4770   4069351.4080       122.7080      -196.1313       455.4511       -19.4703            0.0000            0.0000        -0.0000
        10    366551.4340   4068893.0410       142.1590         0.0000         0.0000         0.0000           -0.0000           -0.0000        -0.0000
        11    366500.1350   4068855.6880       139.6970       -50.7197       -38.1573        -2.4623           -0.0000            0.0000         0.0000
        12    366700.5750   4068582.7090       139.6020       154.0000      -308.0277        -2.5663           -0.0000           -0.0000         0.0000
        13    366687.6060   4068366.4640       135.5490       144.4072      -524.4925        -6.6333           -0.0000           -0.0000         0.0000
        14    366727.2300   4068388.3500       136.5890       183.6926      -501.9860        -5.5925           -0.0000           -0.0000         0.0000
        15    366781.1780   4068436.6740       138.8460       236.8903      -452.8157        -3.3335           -0.0000           -0.0000         0.0000
        16    366852.7400   4068458.0820       141.0070       308.1239      -430.2884        -1.1740           -0.0000           -0.0000         0.0000
         2    366419.3290   4069366.5110       125.8910      -139.5109       471.4436       -16.2870            0.0000            0.0000        -0.0000
         3    366304.8280   4069326.2110       117.7570      -253.3910       429.3513       -24.4215            0.0000            0.0000        -0.0000
         4    366425.1880   4069220.0190       128.3690      -131.3632       325.0318       -13.7997            0.0000            0.0000        -0.0000
         5    366476.8440   4069213.6300       138.0760       -79.6035       319.4497        -4.0915            0.0000            0.0000        -0.0000
         6    366375.3150   4069180.4880       124.5710      -180.6225       284.7185       -17.5969            0.0000            0.0000        -0.0000
         7    366317.6000   4069106.6800       124.3000      -237.1891       210.0032       -17.8669            0.0000            0.0000        -0.0000
         8    366329.5380   4069119.9210       122.5720      -225.4570       223.4317       -19.5949            0.0000            0.0000        -0.0000
         9    366603.8210   4068946.9260       147.1410        51.5496        54.7077         4.9816            0.0000           -0.0000        -0.0000
- Test: 6
----------
  - CRS source ....................................:ENU:4937;-4.495021180808;36.756413127079;142.1590
  - CRS target ....................................:EPSG:4937
  Point.Id  Fc.Crs.Source  Sc.Crs.Source  Tc.Crs.Source  Fc.Crs.Target  Sc.Crs.Target  Tc.Crs.Target          Fc.Error          Sc.Error       Tc.Error
         1      -196.1313       455.4511       -19.4703   -4.497217703   36.760517184       122.7080      -0.000000000      -0.000000000         0.0000
        10         0.0000         0.0000         0.0000   -4.495021181   36.756413127       142.1590       0.000000000       0.000000000        -0.0000
        11       -50.7197       -38.1573        -2.4623   -4.495589169   36.756069291       139.6970       0.000000000      -0.000000000        -0.0000
        12       154.0000      -308.0277        -2.5663   -4.493296656   36.753637477       139.6020       0.000000000       0.000000000        -0.0000
        13       144.4072      -524.4925        -6.6333   -4.493404118   36.751686912       135.5490       0.000000000       0.000000000        -0.0000
        14       183.6926      -501.9860        -5.5925   -4.492964198   36.751889712       136.5890       0.000000000       0.000000000        -0.0000
        15       236.8903      -452.8157        -3.3335   -4.492368477   36.752332775       138.8460       0.000000000       0.000000000        -0.0000
        16       308.1239      -430.2884        -1.1740   -4.491570794   36.752535749       141.0070       0.000000000       0.000000000        -0.0000
         2      -139.5109       471.4436       -16.2870   -4.496583600   36.760661301       125.8910      -0.000000000      -0.000000000         0.0000
         3      -253.3910       429.3513       -24.4215   -4.497858961   36.760281988       117.7570      -0.000000000      -0.000000000         0.0000
         4      -131.3632       325.0318       -13.7997   -4.496492326   36.759341983       128.3690      -0.000000000      -0.000000000         0.0000
         5       -79.6035       319.4497        -4.0915   -4.495912663   36.759291683       138.0760      -0.000000000      -0.000000000         0.0000
         6      -180.6225       284.7185       -17.5969   -4.497043975   36.758978713       124.5710      -0.000000000      -0.000000000         0.0000
         7      -237.1891       210.0032       -17.8669   -4.497677442   36.758305440       124.3000      -0.000000000      -0.000000000         0.0000
         8      -225.4570       223.4317       -19.5949   -4.497546059   36.758426447       122.5720      -0.000000000      -0.000000000         0.0000
         9        51.5496        54.7077         4.9816   -4.494443893   36.756906096       147.1410      -0.000000000       0.000000000         0.0000
- Test: 7
----------
  - CRS source ....................................:ENU:4937;-4.495021180808;36.756413127079;142.1590
  - CRS target ....................................:EPSG:4258+5782
  Point.Id  Fc.Crs.Source  Sc.Crs.Source  Tc.Crs.Source  Fc.Crs.Target  Sc.Crs.Target  Tc.Crs.Target          Fc.Error          Sc.Error       Tc.Error
         1      -196.1313       455.4511       -19.4703   -4.497217703   36.760517184        74.7560      -0.000000000      -0.000000000         0.0000
        10         0.0000         0.0000         0.0000   -4.495021181   36.756413127        94.2172       0.000000000       0.000000000         0.0001
        11       -50.7197       -38.1573        -2.4623   -4.495589169   36.756069291        91.7581       0.000000000      -0.000000000         0.0000
        12       154.0000      -308.0277        -2.5663   -4.493296656   36.753637477        91.6666       0.000000000       0.000000000         0.0000
        13       144.4072      -524.4925        -6.6333   -4.493404118   36.751686912        87.6218       0.000000000       0.000000000         0.0000
        14       183.6926      -501.9860        -5.5925   -4.492964198   36.751889712        88.6598       0.000000000       0.000000000         0.0000
        15       236.8903      -452.8157        -3.3335   -4.492368477   36.752332775        90.9134       0.000000000       0.000000000         0.0000
        16       308.1239      -430.2884        -1.1740   -4.491570794   36.752535749        93.0714       0.000000000       0.000000000         0.0000
         2      -139.5109       471.4436       -16.2870   -4.496583600   36.760661301        77.9366      -0.000000000      -0.000000000        -0.0000
         3      -253.3910       429.3513       -24.4215   -4.497858961   36.760281988        69.8078      -0.000000000      -0.000000000         0.0000
         4      -131.3632       325.0318       -13.7997   -4.496492326   36.759341983        80.4196      -0.000000000      -0.000000000         0.0000
         5       -79.6035       319.4497        -4.0915   -4.495912663   36.759291683        90.1252      -0.000000000      -0.000000000         0.0001
         6      -180.6225       284.7185       -17.5969   -4.497043975   36.758978713        76.6246      -0.000000000      -0.000000000         0.0000
         7      -237.1891       210.0032       -17.8669   -4.497677442   36.758305440        76.3581      -0.000000000      -0.000000000         0.0000
         8      -225.4570       223.4317       -19.5949   -4.497546059   36.758426447        74.6292      -0.000000000      -0.000000000        -0.0000
         9        51.5496        54.7077         4.9816   -4.494443893   36.756906096        99.1956      -0.000000000       0.000000000         0.0000
- Test: 8
----------
  - CRS source ....................................:ENU:4937;-4.495021180808;36.756413127079;142.1590
  - CRS target ....................................:EPSG:4936
  Point.Id  Fc.Crs.Source  Sc.Crs.Source  Tc.Crs.Source  Fc.Crs.Target  Sc.Crs.Target  Tc.Crs.Target          Fc.Error          Sc.Error       Tc.Error
         1      -196.1313       455.4511       -19.4703   5100289.7163   -401152.3016   3796208.1361           -0.0000           -0.0001        -0.0000
        10         0.0000         0.0000         0.0000   5100592.3491   -400979.3563   3795854.8860           -0.0000            0.0000        -0.0000
        11       -50.7197       -38.1573        -2.4623   5100609.1710   -401031.5550   3795822.8414           -0.0000           -0.0000        -0.0001
        12       154.0000      -308.0277        -2.5663   5100786.1299   -400840.1151   3795606.5626           -0.0000           -0.0000         0.0000
        13       144.4072      -524.4925        -6.6333   5100911.2669   -400859.5751   3795430.7001           -0.0000           -0.0000        -0.0000
        14       183.6926      -501.9860        -5.5925   5100901.7503   -400819.4203   3795449.3549           -0.0000            0.0000         0.0000
        15       236.8903      -452.8157        -3.3335   5100878.3901   -400764.2220   3795490.1013           -0.0000            0.0000         0.0000
        16       308.1239      -430.2884        -1.1740   5100872.2586   -400692.2866   3795509.4421            0.0000            0.0000         0.0000
         2      -139.5109       471.4436       -16.2870   5100287.1557   -401095.3052   3796222.8540           -0.0000           -0.0001        -0.0000
         3      -253.3910       429.3513       -24.4215   5100296.8446   -401210.2983   3796184.2624            0.0000           -0.0001        -0.0000
         4      -131.3632       325.0318       -13.7997   5100377.1264   -401094.2053   3796107.0393            0.0000           -0.0000        -0.0000
         5       -79.6035       319.4497        -4.0915   5100392.2672   -401043.4762   3796108.3765            0.0000           -0.0001         0.0000
         6      -180.6225       284.7185       -17.5969   5100394.2827   -401144.9653   3796072.4685            0.0000            0.0000         0.0000
         7      -237.1891       210.0032       -17.8669   5100434.2070   -401204.8450   3796012.4461            0.0000            0.0000         0.0000
         8      -225.4570       223.4317       -19.5949   5100425.7352   -401192.4107   3796022.1707            0.0000           -0.0000         0.0000
         9        51.5496        54.7077         4.9816   5100567.7309   -400925.7123   3795901.6981           -0.0000            0.0000        -0.0000
- Test: 9
----------
  - CRS source ....................................:ENU:4937;-4.495021180808;36.756413127079;142.1590
  - CRS target ....................................:EPSG:25830+5782
  Point.Id  Fc.Crs.Source  Sc.Crs.Source  Tc.Crs.Source  Fc.Crs.Target  Sc.Crs.Target  Tc.Crs.Target          Fc.Error          Sc.Error       Tc.Error
         1      -196.1313       455.4511       -19.4703    366362.4770   4069351.4080        74.7560           -0.0000           -0.0000         0.0000
        10         0.0000         0.0000         0.0000    366551.4340   4068893.0410        94.2172            0.0000            0.0000         0.0001
        11       -50.7197       -38.1573        -2.4623    366500.1350   4068855.6880        91.7581            0.0000           -0.0000         0.0000
        12       154.0000      -308.0277        -2.5663    366700.5750   4068582.7090        91.6666            0.0000            0.0000         0.0000
        13       144.4072      -524.4925        -6.6333    366687.6060   4068366.4640        87.6218            0.0000            0.0000         0.0000
        14       183.6926      -501.9860        -5.5925    366727.2300   4068388.3500        88.6598            0.0000            0.0000         0.0000
        15       236.8903      -452.8157        -3.3335    366781.1780   4068436.6740        90.9134            0.0000            0.0000         0.0000
        16       308.1239      -430.2884        -1.1740    366852.7400   4068458.0820        93.0714            0.0000            0.0000         0.0000
         2      -139.5109       471.4436       -16.2870    366419.3290   4069366.5110        77.9366           -0.0000           -0.0000        -0.0000
         3      -253.3910       429.3513       -24.4215    366304.8280   4069326.2110        69.8078           -0.0000           -0.0000         0.0000
         4      -131.3632       325.0318       -13.7997    366425.1880   4069220.0190        80.4196           -0.0000           -0.0000         0.0000
         5       -79.6035       319.4497        -4.0915    366476.8440   4069213.6300        90.1252           -0.0000           -0.0000         0.0001
         6      -180.6225       284.7185       -17.5969    366375.3150   4069180.4880        76.6246           -0.0000           -0.0000         0.0000
         7      -237.1891       210.0032       -17.8669    366317.6000   4069106.6800        76.3581           -0.0000           -0.0000         0.0000
         8      -225.4570       223.4317       -19.5949    366329.5380   4069119.9210        74.6292           -0.0000           -0.0000        -0.0000
         9        51.5496        54.7077         4.9816    366603.8210   4068946.9260        99.1956           -0.0000            0.0000         0.0000
- Test: 10
----------
  - CRS source ....................................:ENU:4937;-4.495021180808;36.756413127079;142.1590
  - CRS target ....................................:EPSG:25830
  Point.Id  Fc.Crs.Source  Sc.Crs.Source  Tc.Crs.Source  Fc.Crs.Target  Sc.Crs.Target  Tc.Crs.Target          Fc.Error          Sc.Error       Tc.Error
         1      -196.1313       455.4511       -19.4703    366362.4770   4069351.4080       122.7080           -0.0000           -0.0000         0.0000
        10         0.0000         0.0000         0.0000    366551.4340   4068893.0410       142.1590            0.0000            0.0000        -0.0000
        11       -50.7197       -38.1573        -2.4623    366500.1350   4068855.6880       139.6970            0.0000           -0.0000        -0.0000
        12       154.0000      -308.0277        -2.5663    366700.5750   4068582.7090       139.6020            0.0000            0.0000        -0.0000
        13       144.4072      -524.4925        -6.6333    366687.6060   4068366.4640       135.5490            0.0000            0.0000        -0.0000
        14       183.6926      -501.9860        -5.5925    366727.2300   4068388.3500       136.5890            0.0000            0.0000        -0.0000
        15       236.8903      -452.8157        -3.3335    366781.1780   4068436.6740       138.8460            0.0000            0.0000        -0.0000
        16       308.1239      -430.2884        -1.1740    366852.7400   4068458.0820       141.0070            0.0000            0.0000        -0.0000
         2      -139.5109       471.4436       -16.2870    366419.3290   4069366.5110       125.8910           -0.0000           -0.0000         0.0000
         3      -253.3910       429.3513       -24.4215    366304.8280   4069326.2110       117.7570           -0.0000           -0.0000         0.0000
         4      -131.3632       325.0318       -13.7997    366425.1880   4069220.0190       128.3690           -0.0000           -0.0000         0.0000
         5       -79.6035       319.4497        -4.0915    366476.8440   4069213.6300       138.0760           -0.0000           -0.0000         0.0000
         6      -180.6225       284.7185       -17.5969    366375.3150   4069180.4880       124.5710           -0.0000           -0.0000         0.0000
         7      -237.1891       210.0032       -17.8669    366317.6000   4069106.6800       124.3000           -0.0000           -0.0000         0.0000
         8      -225.4570       223.4317       -19.5949    366329.5380   4069119.9210       122.5720           -0.0000           -0.0000         0.0000
         9        51.5496        54.7077         4.9816    366603.8210   4068946.9260       147.1410           -0.0000            0.0000         0.0000
